een vrouw met grote tassen gestreept shirt
<sil> 0.000 0.080 1.000000
<sil> 0.090 0.760 1.000000
<sil> 0.770 1.730 1.000000
een 1.740 2.050 1.000000
<sil> 2.060 2.790 1.000000
<sil> 2.800 3.240 1.000000
vrouw 3.250 3.770 1.000000
<sil> 3.780 3.890 1.000000
met 3.900 4.240 1.000000
<sil> 4.250 4.410 1.000000
<sil> 4.420 4.880 1.000000
grote 4.890 5.250 1.000000
tassen 5.260 5.570 1.000000
<sil> 5.580 5.670 1.000000
gestreept 5.680 6.560 1.000000
<sil> 6.570 7.460 1.000000
<sil> 7.470 8.330 1.000000
<sil> 8.340 8.710 1.000000
<sil> 8.720 9.310 1.000000
shirt 9.320 9.740 1.000000
<sil> 9.750 9.970 1.000000
<sil> 9.980 10.530 1.000000
<sil> 10.540 12.140 1.000000
<sil> 12.150 12.600 1.000000
<sil> 12.610 14.070 1.000000
<sil> 14.080 15.630 1.000000
