een woonkamer uh s nachts
<sil> 0.000 1.000 1.000000
<sil> 1.010 2.030 1.000000
<sil> 2.040 2.340 1.000000
<sil> 2.350 3.770 1.000000
<sil> 3.780 4.840 1.000000
<sil> 4.850 8.010 1.000000
<sil> 8.020 9.120 1.000000
<sil> 9.130 9.800 1.000000
een 9.810 10.190 1.000000
<sil> 10.200 10.500 1.000000
woonkamer 10.510 11.540 1.000000
<sil> 11.550 12.210 1.000000
<sil> 12.220 13.880 1.000000
uh 13.890 14.240 1.000000
<sil> 14.250 14.400 1.000000
<sil> 14.410 14.720 1.000000
s 14.730 14.940 1.000000
nachts 14.950 15.490 1.000000
<sil> 15.500 15.710 1.000000
<sil> 15.720 15.800 1.000000
