een witte keuken met doorgeefluik
<sil> 0.000 0.880 1.000000
<sil> 0.890 1.340 1.000000
<sil> 1.350 1.950 1.000000
<sil> 1.960 2.480 1.000000
<sil> 2.490 3.080 1.000000
<sil> 3.090 3.710 1.000000
<sil> 3.720 4.160 1.000000
<sil> 4.170 4.990 1.000000
<sil> 5.000 6.330 1.000000
<sil> 6.340 6.710 1.000000
<sil> 6.720 6.880 1.000000
<sil> 6.890 8.060 1.000000
<sil> 8.070 9.450 1.000000
een 9.460 10.030 1.000000
<sil> 10.040 10.190 1.000000
witte 10.200 10.700 1.000000
keuken 10.710 11.100 1.000000
met 11.110 11.280 1.000000
doorgeefluik 11.290 12.360 1.000000
<sil> 12.370 12.810 1.000000
