een keuken met paar apparaten
<sil> 0.000 0.080 1.000000
<sil> 0.090 1.430 1.000000
<sil> 1.440 1.920 1.000000
<sil> 1.930 2.000 1.000000
een 2.010 2.360 1.000000
<sil> 2.370 2.750 1.000000
keuken 2.760 3.390 1.000000
<sil> 3.400 3.910 1.000000
<sil> 3.920 4.230 1.000000
<sil> 4.240 4.400 1.000000
met 4.410 4.540 1.000000
<sil> 4.550 4.680 1.000000
<sil> 4.690 7.170 1.000000
paar 7.180 7.320 1.000000
apparaten 7.330 7.930 1.000000
<sil> 7.940 8.000 1.000000
<sil> 8.010 8.120 1.000000
<sil> 8.130 8.340 1.000000
