een klaslokaal uh waarbij twee jongens staan
<sil> 0.000 0.920 1.000000
<sil> 0.930 1.860 1.000000
<sil> 1.870 2.240 1.000000
<sil> 2.250 3.020 1.000000
<sil> 3.030 3.540 1.000000
een 3.550 4.060 1.000000
<sil> 4.070 4.590 1.000000
<sil> 4.600 5.600 1.000000
<sil> 5.610 6.230 1.000000
<sil> 6.240 6.720 1.000000
klaslokaal 6.730 7.560 1.000000
<sil> 7.570 7.910 1.000000
uh 7.920 8.280 1.000000
<sil> 8.290 8.750 1.000000
waarbij 8.760 9.130 1.000000
<sil> 9.140 9.330 1.000000
<sil> 9.340 10.050 1.000000
<sil> 10.060 10.360 1.000000
twee 10.370 10.770 1.000000
<sil> 10.780 11.100 1.000000
<sil> 11.110 11.240 1.000000
jongens 11.250 11.750 1.000000
<sil> 11.760 11.970 1.000000
staan 11.980 12.390 1.000000
<sil> 12.400 12.560 1.000000
