een skipiste bij de skilift
<sil> 0.000 0.250 1.000000
<sil> 0.260 0.480 1.000000
<sil> 0.490 1.870 1.000000
<sil> 1.880 2.290 1.000000
<sil> 2.300 2.390 1.000000
<sil> 2.400 2.640 1.000000
<sil> 2.650 3.070 1.000000
<sil> 3.080 5.010 1.000000
<sil> 5.020 5.260 1.000000
een 5.270 5.530 1.000000
skipiste 5.540 6.600 1.000000
<sil> 6.610 9.100 1.000000
<sil> 9.110 9.390 1.000000
<sil> 9.400 9.540 1.000000
bij 9.550 10.060 1.000000
<sil> 10.070 10.570 1.000000
de 10.580 10.740 1.000000
skilift 10.750 11.480 1.000000
<sil> 11.490 11.920 1.000000
