een keuken en een kamer
<sil> 0.000 0.140 1.000000
<sil> 0.150 3.590 1.000000
<sil> 3.600 4.420 1.000000
<sil> 4.430 4.560 1.000000
een 4.570 5.360 1.000000
<sil> 5.370 6.790 1.000000
keuken 6.800 7.090 1.000000
<sil> 7.100 8.010 1.000000
en 8.020 8.270 1.000000
een 8.280 8.500 1.000000
<sil> 8.510 8.540 1.000000
kamer 8.550 9.280 1.000000
<sil> 9.290 9.470 1.000000
<sil> 9.480 9.900 1.000000
<sil> 9.910 10.600 1.000000
<sil> 10.610 10.860 1.000000
<sil> 10.870 11.010 1.000000
<sil> 11.020 12.470 1.000000
<sil> 12.480 12.670 1.000000
<sil> 12.680 13.150 1.000000
